Sample Output Preview:

Customers: [102  96  95 109  96]
Purchase: [1427.85353135 1985.63050617 1696.04358975 1112.65283286 1422.45906067]
